number count contributions = density,      lensing         
 root = ../data/Cl_fiducial_lensing_
A_s = 2.2065200000E-09
n_s = 9.6450000000E-01
H0 = 6.7270000000E+01
omega_b = 2.2250000000E-02
omega_cdm = 1.1980000000E-01
MG_beta2 = 1.0000000000E+00
m_ncdm = 6.0000000000E-02
tau_reio = 7.9000000000E-02
N_ur = 2.033
N_ncdm = 1.000
deg_ncdm = 1.000
output = nCl
dNdz_selection =                
dNdz_evolution =                
selection = tophat  
selection_mean = 0.30000000,0.80000000,1.30000000,1.80000000
selection_width = 0.20000000,0.20000000,0.20000000,0.20000000
selection_bias = 1.14017543,1.34164079,1.51657509,1.67332005
selection_magnification_bias = 0.00000000,0.00000000,0.00000000,0.00000000
non_diagonal =  3
headers = yes
bessel file = yes
l_max_lss = 2000
l_min = 2
format = class
gauge = newtonian
l_switch_limber_for_cl_density_over_z = 10000.
selection_sampling_bessel =  0.50
q_linstep =   1.0
k_max_tau0_over_l_max =  2.00
