number count contributions = density, rsd, lensing, doppler
 root = ../data/El_
number count error = 0.10
A_s = 2.2065200000E-09
n_s = 9.6450000000E-01
H0 = 6.7270000000E+01
omega_b = 2.2250000000E-02
omega_cdm = 1.1980000000E-01
MG_beta2 = 1.0000000000E+00
m_ncdm = 6.0000000000E-02
tau_reio = 7.9000000000E-02
N_ur = 2.033
N_ncdm = 1.000
deg_ncdm = 1.000
output = nCl
dNdz_selection = analytic_euclid
dNdz_evolution = analytic_euclid
selection = gaussian
selection_mean = 0.32800000,0.66750000,0.89050000,1.14500000,1.64400000
selection_width = 0.22800000,0.11150000,0.11150000,0.14300000,0.35600000
selection_bias = 1.15238882,1.29131716,1.37495454,1.46458185,1.62603813
selection_magnification_bias = 0.18542086,0.26180952,0.32795933,0.42916507,0.74500724
non_diagonal =  4
headers = yes
bessel file = yes
l_max_lss = 2000
l_min = 2
format = class
gauge = newtonian
l_switch_limber_for_cl_density_over_z = 20000.
selection_sampling_bessel =  3.00
q_linstep =   0.3
k_max_tau0_over_l_max = 20.00
