2.6618080958E-07 5.0095040429E-07 1.2002662412E-07 -9.0204962996E-07 1.9738313708E-04 4.7216004999E-06 7.2437681850E-05
5.0095040429E-07 1.0837927827E-06 -2.6193775221E-07 -6.5068129889E-07 3.9316357731E-04 1.0346431046E-05 1.0770799136E-04
1.2002662412E-07 -2.6193775221E-07 1.7513563439E-06 -4.0475917917E-06 1.4500879994E-05 -2.8943992289E-06 1.3164965898E-04
-9.0204962996E-07 -6.5068129889E-07 -4.0475917917E-06 1.1084121856E-05 -5.1062068098E-04 -4.8020812146E-06 -4.6191421637E-04
1.9738313708E-04 3.9316357731E-04 1.4500879994E-05 -5.1062068098E-04 1.4982779707E-01 3.7232490937E-03 4.9241162717E-02
4.7216004999E-06 1.0346431046E-05 -2.8943992289E-06 -4.8020812146E-06 3.7232490937E-03 9.9774215503E-05 9.8270408086E-04
7.2437681850E-05 1.0770799136E-04 1.3164965898E-04 -4.6191421637E-04 4.9241162717E-02 9.8270408086E-04 2.5878030980E-02
